approach_coke_can:
  position: 
    x: 1.68430342457
    y: 11.0038929891
    z: 0.0
  orientation: 
    x: 0.0
    y: 0.0
    z: 0.713439579525
    w: 0.700716751881


release_coke_can:
  position: 
    x: -2.1248
    y: -2.6404
    z: 0.0
  orientation: 
    x: 0.0
    y: 0.0
    z: -0.703420461414
    w: 0.710773982687